43,52
43,51
43,50
43,49
43,48
43,47
43,46
43,45
43,44
43,43
43,42
43,41
43,40
43,39
43,38
43,37
43,36
43,35
3,2
10,192
10,164
10,132
10,238
10,204
10,98
10,266
10,4
11,4
11,6
11,2
11,3
9,6
9,4
8,17
8,6
8,14
8,7
34,3
34,2
34,1
34,0
20,3
20,2
20,1
19,3
19,2
19,1
12,3
12,2
12,1
11,27
11,26
11,25
11,24
11,23
11,22
11,21
11,20
11,19
11,18
11,17
18,1
11,16
18,3
11,15
11,14
2,2
2,1
2,3
11,12
11,11
11,1
11,10
10,298
10,288
10,188
10,182
10,32
10,1
10,24
10,3
10,2
9,1
9,7
9,3
9,2
8,18
8,16
8,13
8,9
8,5
8,1
8,4
8,3
8,2
3,3
